2.01107
2.25899
2.39943
2.64749
2.93798
2.92886
3.03038
3.2497
3.46795
3.77171
3.78909
4.17009
4.23596
4.29774
4.63231
4.98549
5.18982
5.25488
5.49425
5.61104


2.01601
2.1594
2.31659
2.52716
2.80672
2.75706
2.98335
3.02422
3.31556
3.52712
3.57911
3.79985
3.91987
4.03621
4.2354
4.47301
4.71225
4.81852
4.90294
4.97657


1.82044
1.90089
1.94068
2.02362
2.05369
2.09885
2.12558
2.26695
2.26241
2.36662
2.43626
2.45922
2.52445
2.58537
2.59981
2.64099
2.69333
2.73871
2.76582
2.78101

1.82924
1.87206
1.94957
2.0224
2.04137
2.14874
2.09505
2.24083
2.26202
2.36393
2.41397
2.46831
2.49997
2.53975
2.59647
2.691
2.69486
2.71893
2.7663
2.74238
1.83651
1.86149
1.93139
1.9702
2.0227
2.05792
2.10845
2.27656
2.30546
2.36039
2.40526
2.47848
2.49692
2.51945
2.55375
2.67827
2.76083
2.72624
2.74777
2.75733
1.79077
1.82271
1.91525
1.96857
1.99221
2.04366
2.09386
2.23993
2.24685
2.30917
2.38341
2.45107
2.51639
2.49576
2.54314
2.62501
2.69027
2.68686
2.74374
2.69316
1.78306
1.80134
1.86735
1.93626
1.96789
2.00027
2.03387
2.17064
2.18396
2.2685
2.33737
2.37728
2.44799
2.49092
2.59769
2.59555
2.64175
2.66623
2.69952
2.67273
